{"b790ea72db204c8ca086e5c04548d67c.animstate": {"name": "Goon_animation_run 2", "license": "CC0", "created": "2014-10-24T12:52:32.569557+00:00", "deleted": false, "_readOnly": false, "modified": "2014-10-24T12:52:32.569601+00:00", "dataModelVersion": 2, "clipSource": {"clipRef": "6dbd5af50f3d463db5a55e9ad18500c1.clip", "type": "Clip", "timeScale": 1, "loopCount": -1}, "id": "b790ea72db204c8ca086e5c04548d67c.animstate", "originalLicense": "CC0"}, "24e9b61c06664ae0a1297cd5b1c78f09.texture": {"wrapS": "Repeat", "repeat": [1, 1], "wrapT": "Repeat", "license": "CC0", "created": "2014-10-24T12:52:32.616541+00:00", "deleted": false, "magFilter": "Bilinear", "flipY": true, "_readOnly": false, "dataModelVersion": 2, "modified": "2014-10-24T12:52:32.616576+00:00", "matchFileName": "goon_normal.jpg", "minFilter": "Trilinear", "imageRef": "4008374269388f5f2ebd4296261fabd1b13a0a56.jpg", "anisotropy": 1, "offset": [0, 0], "id": "24e9b61c06664ae0a1297cd5b1c78f09.texture", "generateMipmaps": true, "originalLicense": "CC0", "name": "goon_normal"}, "41b48282ab614d9b874fd035eb9d7138.entity": {"name": "goon_mesh", "license": "CC0", "created": "2014-10-24T12:52:32.665699+00:00", "deleted": false, "originalLicense": "CC0", "_readOnly": false, "modified": "2014-10-24T12:52:32.665734+00:00", "dataModelVersion": 2, "static": false, "components": {"transform": {"rotation": [0, 0, 0], "scale": [1, 1, 1], "translation": [0, 0, 0]}, "meshRenderer": {"receiveShadows": true, "materials": {"fc4ec6b4bb5e468cb69229f0fac980c4.material": {"materialRef": "fc4ec6b4bb5e468cb69229f0fac980c4.material", "sortValue": 0}}, "reflectable": false, "cullMode": "Dynamic", "castShadows": true}, "meshData": {"meshRef": "b320963418354bda8a70353df4059ddb.mesh", "poseRef": "8219d392a05540dd81fae5ff811bc8be.skeleton"}}, "hidden": false, "id": "41b48282ab614d9b874fd035eb9d7138.entity"}, "84aa695ca0364d98a45b02eaa2ebf70f.entity": {"name": "Directional", "license": "CC0", "created": "2014-10-24T06:45:17.202630+00:00", "deleted": false, "_readOnly": false, "modified": "2014-10-24T06:45:17.202673+00:00", "dataModelVersion": 2, "static": false, "components": {"light": {"direction": [0, 0, 0], "shadowCaster": false, "color": [1, 1, 1, 1], "intensity": 0.8, "range": 60, "specularIntensity": 1, "penumbra": 5, "angle": 30, "type": "DirectionalLight", "shadowSettings": {"fov": 55, "darkness": 1, "far": 60, "near": 1, "resolution": [256, 256], "shadowType": "Basic", "size": 100}}, "transform": {"rotation": [-38, 21, -18], "scale": [1, 1, 1], "translation": [16, 20.5, 23.3]}}, "hidden": false, "id": "84aa695ca0364d98a45b02eaa2ebf70f.entity"}, "7955dd34d4e940d88aa3bfa81c13ef02.texture": {"wrapS": "Repeat", "repeat": [0, 0], "wrapT": "Repeat", "license": "CC0", "created": "2014-10-24T09:30:22.895103+00:00", "deleted": false, "magFilter": "Bilinear", "flipY": false, "_readOnly": false, "dataModelVersion": 2, "modified": "2014-10-24T09:30:22.895138+00:00", "minFilter": "BilinearNoMipMaps", "imageRef": "913475ec98afe2d95c78be7a611146500aba3df4.jpg", "anisotropy": 1, "offset": [0, 0], "id": "7955dd34d4e940d88aa3bfa81c13ef02.texture", "generateMipmaps": true, "originalLicense": "CC0", "name": "texture_ 4"}, "8f6121bf29da4118b2119f587b58d2a0.texture": {"wrapS": "Repeat", "repeat": [0, 0], "wrapT": "Repeat", "license": "CC0", "created": "2014-10-24T09:30:23.042332+00:00", "deleted": false, "magFilter": "Bilinear", "flipY": false, "_readOnly": false, "dataModelVersion": 2, "modified": "2014-10-24T09:30:23.042365+00:00", "minFilter": "BilinearNoMipMaps", "imageRef": "d3bbb784157c7d2519f0ac918788d1bb965675f2.jpg", "anisotropy": 1, "offset": [0, 0], "id": "8f6121bf29da4118b2119f587b58d2a0.texture", "generateMipmaps": true, "originalLicense": "CC0", "name": "texture_ 6"}, "3f5cbec67a2b48a8b1ae7d80a42dbde8.texture": {"wrapS": "Repeat", "repeat": [1, 1], "wrapT": "Repeat", "license": "CC0", "created": "2014-10-24T12:52:32.712198+00:00", "deleted": false, "magFilter": "Bilinear", "flipY": true, "_readOnly": false, "dataModelVersion": 2, "modified": "2014-10-24T12:52:32.712231+00:00", "matchFileName": "goon_specular.jpg", "minFilter": "Trilinear", "imageRef": "d7968aa0b348df54ba9b461874f1501b66f77109.jpg", "anisotropy": 1, "offset": [0, 0], "id": "3f5cbec67a2b48a8b1ae7d80a42dbde8.texture", "generateMipmaps": true, "originalLicense": "CC0", "name": "goon_specular"}, "f4359856f134471aae902b1b4a98047f.animation": {"layers": {"67a9f6e68b2747dc95850fd69d58896c.layer": {"name": "Default animation layer", "blendWeight": 1, "sortValue": 0, "states": {"ba36d2bffc87426cbcd2f83f04d2808a.animstate": {"sortValue": 0, "stateRef": "ba36d2bffc87426cbcd2f83f04d2808a.animstate"}, "b790ea72db204c8ca086e5c04548d67c.animstate": {"sortValue": 2, "stateRef": "b790ea72db204c8ca086e5c04548d67c.animstate"}, "1bf81c24b27c4739a4c57481a24b20e3.animstate": {"sortValue": 1, "stateRef": "1bf81c24b27c4739a4c57481a24b20e3.animstate"}}, "initialStateRef": "ba36d2bffc87426cbcd2f83f04d2808a.animstate", "transitions": {"*": {"type": "Fade", "fadeTime": 0.2}, "ba36d2bffc87426cbcd2f83f04d2808a.animstate": {"type": "Frozen", "fadeTime": 0.2}}, "id": "67a9f6e68b2747dc95850fd69d58896c.layer"}}, "name": "animation_", "license": "CC0", "created": "2014-10-24T12:52:32.757057+00:00", "deleted": false, "_readOnly": false, "dataModelVersion": 2, "modified": "2014-10-24T12:52:32.757091+00:00", "id": "f4359856f134471aae902b1b4a98047f.animation", "originalLicense": "CC0"}, "6dbd5af50f3d463db5a55e9ad18500c1.clip": {"name": "Goon_animation_run", "license": "CC0", "created": "2014-10-24T12:52:32.903897+00:00", "deleted": false, "_readOnly": false, "modified": "2014-10-24T12:52:32.903936+00:00", "dataModelVersion": 2, "channels": {"057b8e89d9f845828abc4602a7658218": {"name": "bn_r_elwbo01", "translationSamples": [16260, 45, "float32"], "times": [16440, 15, "float32"], "rotationSamples": [15840, 60, "float32"], "jointIndex": 26, "scaleSamples": [16080, 45, "float32"], "blendType": "Linear", "type": "Joint"}, "087d52beaf824db7b205c15daabc8545": {"name": "bn_head01", "translationSamples": [17580, 45, "float32"], "times": [17760, 15, "float32"], "rotationSamples": [17160, 60, "float32"], "jointIndex": 28, "scaleSamples": [17400, 45, "float32"], "blendType": "Linear", "type": "Joint"}, "8bcbf4b4298c48a6b8f8d422a86c264d": {"name": "bn_l_elwbo01", "translationSamples": [14280, 45, "float32"], "times": [14460, 15, "float32"], "rotationSamples": [13860, 60, "float32"], "jointIndex": 23, "scaleSamples": [14100, 45, "float32"], "blendType": "Linear", "type": "Joint"}, "8c07714fb245488bb430112419d4c120": {"name": "bn_r_wrist01", "translationSamples": [16920, 45, "float32"], "times": [17100, 15, "float32"], "rotationSamples": [16500, 60, "float32"], "jointIndex": 27, "scaleSamples": [16740, 45, "float32"], "blendType": "Linear", "type": "Joint"}, "a067463df2ee4a20a995da0205b4e6f8": {"name": "jDrv_l_ball01", "translationSamples": [7680, 45, "float32"], "times": [7860, 15, "float32"], "rotationSamples": [7260, 60, "float32"], "jointIndex": 11, "scaleSamples": [7500, 45, "float32"], "blendType": "Linear", "type": "Joint"}, "6028f4287d9c44d1a1e4531ad2e2752b": {"name": "bn_spC01", "translationSamples": [9660, 45, "float32"], "times": [9840, 15, "float32"], "rotationSamples": [9240, 60, "float32"], "jointIndex": 14, "scaleSamples": [9480, 45, "float32"], "blendType": "Linear", "type": "Joint"}, "2fa09dcb4af14bb1badda4df03e55393": {"name": "bn_l_shld01", "translationSamples": [11640, 45, "float32"], "times": [11820, 15, "float32"], "rotationSamples": [11220, 60, "float32"], "jointIndex": 17, "scaleSamples": [11460, 45, "float32"], "blendType": "Linear", "type": "Joint"}, "19ba7aca9847440db6d3090ffe01e3f3": {"name": "bn_l_ankle01", "translationSamples": [7020, 45, "float32"], "times": [7200, 15, "float32"], "rotationSamples": [6600, 60, "float32"], "jointIndex": 10, "scaleSamples": [6840, 45, "float32"], "blendType": "Linear", "type": "Joint"}, "34ac8f954a1b48c9b53765e72828963e": {"name": "bn_l_shin01", "translationSamples": [6360, 45, "float32"], "times": [6540, 15, "float32"], "rotationSamples": [5940, 60, "float32"], "jointIndex": 9, "scaleSamples": [6180, 45, "float32"], "blendType": "Linear", "type": "Joint"}, "2e77630da7f24fe19eb373b19915ad5c": {"name": "bn_l_ball01", "translationSamples": [8340, 45, "float32"], "times": [8520, 15, "float32"], "rotationSamples": [7920, 60, "float32"], "jointIndex": 12, "scaleSamples": [8160, 45, "float32"], "blendType": "Linear", "type": "Joint"}, "78bedf4848574f07bfab23056bba4ce1": {"name": "bn_l_arm01", "translationSamples": [13620, 45, "float32"], "times": [13800, 15, "float32"], "rotationSamples": [13200, 60, "float32"], "jointIndex": 22, "scaleSamples": [13440, 45, "float32"], "blendType": "Linear", "type": "Joint"}, "00510e91afd24743b88e02ba62dd0833": {"name": "bn_r_knee01", "translationSamples": [1740, 45, "float32"], "times": [1920, 15, "float32"], "rotationSamples": [1320, 60, "float32"], "jointIndex": 2, "scaleSamples": [1560, 45, "float32"], "blendType": "Linear", "type": "Joint"}, "84ab6c47da2c4babba79b6e7b36aebf8": {"name": "bn_spB01", "translationSamples": [9000, 45, "float32"], "times": [9180, 15, "float32"], "rotationSamples": [8580, 60, "float32"], "jointIndex": 13, "scaleSamples": [8820, 45, "float32"], "blendType": "Linear", "type": "Joint"}, "274ba045a3d449368d3d5cf810453d7f": {"name": "bn_r_shld01", "translationSamples": [12300, 45, "float32"], "times": [12480, 15, "float32"], "rotationSamples": [11880, 60, "float32"], "jointIndex": 19, "scaleSamples": [12120, 45, "float32"], "blendType": "Linear", "type": "Joint"}, "698881f43f9d46cebe6e62478ff82c4c": {"name": "bn_neck01", "translationSamples": [12960, 45, "float32"], "times": [13140, 15, "float32"], "rotationSamples": [12540, 60, "float32"], "jointIndex": 21, "scaleSamples": [12780, 45, "float32"], "blendType": "Linear", "type": "Joint"}, "a31d19aebe4b4d9c965974c64688b777": {"name": "bn_spD01", "translationSamples": [10320, 45, "float32"], "times": [10500, 15, "float32"], "rotationSamples": [9900, 60, "float32"], "jointIndex": 15, "scaleSamples": [10140, 45, "float32"], "blendType": "Linear", "type": "Joint"}, "afdeb104b68d41faaeb5c6499fb9348b": {"name": "bn_l_wrist01", "translationSamples": [14940, 45, "float32"], "times": [15120, 15, "float32"], "rotationSamples": [14520, 60, "float32"], "jointIndex": 24, "scaleSamples": [14760, 45, "float32"], "blendType": "Linear", "type": "Joint"}, "477b125dee5a471590cd8a02a49579d2": {"name": "bn_spA01", "translationSamples": [420, 45, "float32"], "times": [600, 15, "float32"], "rotationSamples": [0, 60, "float32"], "jointIndex": 0, "scaleSamples": [240, 45, "float32"], "blendType": "Linear", "type": "Joint"}, "5fe4d69cd27a4c5a819ba48665729cb7": {"name": "bn_r_ball01", "translationSamples": [4380, 45, "float32"], "times": [4560, 15, "float32"], "rotationSamples": [3960, 60, "float32"], "jointIndex": 6, "scaleSamples": [4200, 45, "float32"], "blendType": "Linear", "type": "Joint"}, "5172f86f35e245eaa8e66568c1a01206": {"name": "bn_l_thigh01", "translationSamples": [5040, 45, "float32"], "times": [5220, 15, "float32"], "rotationSamples": [4620, 60, "float32"], "jointIndex": 7, "scaleSamples": [4860, 45, "float32"], "blendType": "Linear", "type": "Joint"}, "fa3c2ce7c8884b93b17dc078b2d6818f": {"name": "bn_l_knee01", "translationSamples": [5700, 45, "float32"], "times": [5880, 15, "float32"], "rotationSamples": [5280, 60, "float32"], "jointIndex": 8, "scaleSamples": [5520, 45, "float32"], "blendType": "Linear", "type": "Joint"}, "439938d4b7c04cc39096e7b2e5d64d33": {"name": "bn_spE01", "translationSamples": [10980, 45, "float32"], "times": [11160, 15, "float32"], "rotationSamples": [10560, 60, "float32"], "jointIndex": 16, "scaleSamples": [10800, 45, "float32"], "blendType": "Linear", "type": "Joint"}, "a814c4da01884d7dac7b01c1e7d92b76": {"name": "bn_r_shin01", "translationSamples": [2400, 45, "float32"], "times": [2580, 15, "float32"], "rotationSamples": [1980, 60, "float32"], "jointIndex": 3, "scaleSamples": [2220, 45, "float32"], "blendType": "Linear", "type": "Joint"}, "9c42a0cb38884b33a33843475e664a31": {"name": "bn_r_thigh01", "translationSamples": [1080, 45, "float32"], "times": [1260, 15, "float32"], "rotationSamples": [660, 60, "float32"], "jointIndex": 1, "scaleSamples": [900, 45, "float32"], "blendType": "Linear", "type": "Joint"}, "71d09c2d51344970973177233fd11a93": {"name": "jDrv_r_ball01", "translationSamples": [3720, 45, "float32"], "times": [3900, 15, "float32"], "rotationSamples": [3300, 60, "float32"], "jointIndex": 5, "scaleSamples": [3540, 45, "float32"], "blendType": "Linear", "type": "Joint"}, "e186bc2c27d54c7990e4b8bc4789752c": {"name": "bn_r_arm01", "translationSamples": [15600, 45, "float32"], "times": [15780, 15, "float32"], "rotationSamples": [15180, 60, "float32"], "jointIndex": 25, "scaleSamples": [15420, 45, "float32"], "blendType": "Linear", "type": "Joint"}, "27446c640a6349debe012f808a37f560": {"name": "bn_r_ankle01", "translationSamples": [3060, 45, "float32"], "times": [3240, 15, "float32"], "rotationSamples": [2640, 60, "float32"], "jointIndex": 4, "scaleSamples": [2880, 45, "float32"], "blendType": "Linear", "type": "Joint"}}, "id": "6dbd5af50f3d463db5a55e9ad18500c1.clip", "originalLicense": "CC0", "binaryRef": "4cbdbf2056762a397351da03b385184e51c1c4f4.bin"}, "f57a535a659847cb8eae1684113edf6d.environment": {"sound": {"volume": 1, "dopplerFactor": 0, "reverb": 0, "rolloffFactor": 0.4, "maxDistance": 100}, "globalAmbient": [0, 0, 0, 0], "license": "CC0", "created": "2014-10-24T06:45:17.351788+00:00", "deleted": false, "_readOnly": false, "dataModelVersion": 2, "modified": "2014-10-24T13:39:28.143047+00:00", "weather": {"snow": {"velocity": 10, "rate": 10, "enabled": false, "height": 25}}, "fog": {"color": [1, 1, 1], "far": 996, "near": 0, "enabled": false}, "backgroundColor": [0.3, 0.3, 0.3, 1], "skyboxRef": "a5d85dc34dc8464bb3b8e04c2e8dbc9e.skybox", "id": "f57a535a659847cb8eae1684113edf6d.environment", "name": "Default Environment"}, "b6b1708e54ae43e5b219ab4a9415f1a6.texture": {"wrapS": "Repeat", "repeat": [1, 1], "wrapT": "Repeat", "license": "CC0", "created": "2014-10-24T12:52:32.950765+00:00", "deleted": false, "magFilter": "Bilinear", "flipY": true, "_readOnly": false, "dataModelVersion": 2, "modified": "2014-10-24T12:52:32.950798+00:00", "matchFileName": "goon_texture.jpg", "minFilter": "Trilinear", "imageRef": "27d63c140ee0f5777daecc07147ff198dc086ed8.jpg", "anisotropy": 1, "offset": [0, 0], "id": "b6b1708e54ae43e5b219ab4a9415f1a6.texture", "generateMipmaps": true, "originalLicense": "CC0", "name": "goon_texture"}, "50ec4f1747f349acaa4a1bac3409bca0.clip": {"name": "Goon_animation_idle", "license": "CC0", "created": "2014-10-24T12:52:33.022246+00:00", "deleted": false, "_readOnly": false, "modified": "2014-10-24T12:52:33.022280+00:00", "dataModelVersion": 2, "channels": {"04bb60b16ee94698aa4bfc364e836e14": {"name": "bn_r_wrist01", "translationSamples": [90240, 240, "float32"], "times": [91200, 80, "float32"], "rotationSamples": [88000, 320, "float32"], "jointIndex": 27, "scaleSamples": [89280, 240, "float32"], "blendType": "Linear", "type": "Joint"}, "573163e58418441b84cc8f15379e72f0": {"name": "bn_neck01", "translationSamples": [69120, 240, "float32"], "times": [70080, 80, "float32"], "rotationSamples": [66880, 320, "float32"], "jointIndex": 21, "scaleSamples": [68160, 240, "float32"], "blendType": "Linear", "type": "Joint"}, "e67b3b18792a40c18938ca81b96221ca": {"name": "bn_r_arm01", "translationSamples": [83200, 240, "float32"], "times": [84160, 80, "float32"], "rotationSamples": [80960, 320, "float32"], "jointIndex": 25, "scaleSamples": [82240, 240, "float32"], "blendType": "Linear", "type": "Joint"}, "291d39ce364a4056af289c25041b81e5": {"name": "bn_l_shin01", "translationSamples": [33920, 240, "float32"], "times": [34880, 80, "float32"], "rotationSamples": [31680, 320, "float32"], "jointIndex": 9, "scaleSamples": [32960, 240, "float32"], "blendType": "Linear", "type": "Joint"}, "a65b61d77704439e99f77c17462de2ef": {"name": "bn_r_ball01", "translationSamples": [23360, 240, "float32"], "times": [24320, 80, "float32"], "rotationSamples": [21120, 320, "float32"], "jointIndex": 6, "scaleSamples": [22400, 240, "float32"], "blendType": "Linear", "type": "Joint"}, "d0344e7790d841b89b99d2e2eb281e5c": {"name": "bn_spD01", "translationSamples": [55040, 240, "float32"], "times": [56000, 80, "float32"], "rotationSamples": [52800, 320, "float32"], "jointIndex": 15, "scaleSamples": [54080, 240, "float32"], "blendType": "Linear", "type": "Joint"}, "c6f8a8a3465640e6b3993cc2032f260b": {"name": "bn_l_arm01", "translationSamples": [72640, 240, "float32"], "times": [73600, 80, "float32"], "rotationSamples": [70400, 320, "float32"], "jointIndex": 22, "scaleSamples": [71680, 240, "float32"], "blendType": "Linear", "type": "Joint"}, "8c7a22bed07f436986896431195ff31d": {"name": "bn_r_knee01", "translationSamples": [9280, 240, "float32"], "times": [10240, 80, "float32"], "rotationSamples": [7040, 320, "float32"], "jointIndex": 2, "scaleSamples": [8320, 240, "float32"], "blendType": "Linear", "type": "Joint"}, "e03eda13416e40febb1ab6ddc6749a46": {"name": "bn_head01", "translationSamples": [93760, 240, "float32"], "times": [94720, 80, "float32"], "rotationSamples": [91520, 320, "float32"], "jointIndex": 28, "scaleSamples": [92800, 240, "float32"], "blendType": "Linear", "type": "Joint"}, "cf82a053b514468cbb3d00b17c2ec013": {"name": "bn_r_shld01", "translationSamples": [65600, 240, "float32"], "times": [66560, 80, "float32"], "rotationSamples": [63360, 320, "float32"], "jointIndex": 19, "scaleSamples": [64640, 240, "float32"], "blendType": "Linear", "type": "Joint"}, "05fbec0ff30f41a488e533f4c7ba0575": {"name": "bn_l_shld01", "translationSamples": [62080, 240, "float32"], "times": [63040, 80, "float32"], "rotationSamples": [59840, 320, "float32"], "jointIndex": 17, "scaleSamples": [61120, 240, "float32"], "blendType": "Linear", "type": "Joint"}, "25d952b841a94651975d9e646199c569": {"name": "bn_spB01", "translationSamples": [48000, 240, "float32"], "times": [48960, 80, "float32"], "rotationSamples": [45760, 320, "float32"], "jointIndex": 13, "scaleSamples": [47040, 240, "float32"], "blendType": "Linear", "type": "Joint"}, "70467f47879d4a18817b511f0a146690": {"name": "bn_spC01", "translationSamples": [51520, 240, "float32"], "times": [52480, 80, "float32"], "rotationSamples": [49280, 320, "float32"], "jointIndex": 14, "scaleSamples": [50560, 240, "float32"], "blendType": "Linear", "type": "Joint"}, "69f76d5fbfd4439197ba5395644c346c": {"name": "bn_l_wrist01", "translationSamples": [79680, 240, "float32"], "times": [80640, 80, "float32"], "rotationSamples": [77440, 320, "float32"], "jointIndex": 24, "scaleSamples": [78720, 240, "float32"], "blendType": "Linear", "type": "Joint"}, "537bfdcfa27c4c888f020089bf132627": {"name": "bn_r_shin01", "translationSamples": [12800, 240, "float32"], "times": [13760, 80, "float32"], "rotationSamples": [10560, 320, "float32"], "jointIndex": 3, "scaleSamples": [11840, 240, "float32"], "blendType": "Linear", "type": "Joint"}, "e0cfc352daa047cbb1f9e3515802362f": {"name": "bn_l_ankle01", "translationSamples": [37440, 240, "float32"], "times": [38400, 80, "float32"], "rotationSamples": [35200, 320, "float32"], "jointIndex": 10, "scaleSamples": [36480, 240, "float32"], "blendType": "Linear", "type": "Joint"}, "a5fc2886d6ee4a7d8859fd140ae5b388": {"name": "bn_r_ankle01", "translationSamples": [16320, 240, "float32"], "times": [17280, 80, "float32"], "rotationSamples": [14080, 320, "float32"], "jointIndex": 4, "scaleSamples": [15360, 240, "float32"], "blendType": "Linear", "type": "Joint"}, "486f5edaa97146ddb0e7cfeda681afc4": {"name": "bn_r_elwbo01", "translationSamples": [86720, 240, "float32"], "times": [87680, 80, "float32"], "rotationSamples": [84480, 320, "float32"], "jointIndex": 26, "scaleSamples": [85760, 240, "float32"], "blendType": "Linear", "type": "Joint"}, "92002a95c0bf4ebebe63fbaeda77a746": {"name": "bn_r_thigh01", "translationSamples": [5760, 240, "float32"], "times": [6720, 80, "float32"], "rotationSamples": [3520, 320, "float32"], "jointIndex": 1, "scaleSamples": [4800, 240, "float32"], "blendType": "Linear", "type": "Joint"}, "bcdd14539af54d9586ff74d1b3e61cc3": {"name": "bn_spA01", "translationSamples": [2240, 240, "float32"], "times": [3200, 80, "float32"], "rotationSamples": [0, 320, "float32"], "jointIndex": 0, "scaleSamples": [1280, 240, "float32"], "blendType": "Linear", "type": "Joint"}, "d00288712c8540ccb32735b047eaf1b7": {"name": "bn_l_ball01", "translationSamples": [44480, 240, "float32"], "times": [45440, 80, "float32"], "rotationSamples": [42240, 320, "float32"], "jointIndex": 12, "scaleSamples": [43520, 240, "float32"], "blendType": "Linear", "type": "Joint"}, "8dcdd43f888c4a96a7d879478298f372": {"name": "bn_l_knee01", "translationSamples": [30400, 240, "float32"], "times": [31360, 80, "float32"], "rotationSamples": [28160, 320, "float32"], "jointIndex": 8, "scaleSamples": [29440, 240, "float32"], "blendType": "Linear", "type": "Joint"}, "4a57124ad2834d4cb445fa4692da01ce": {"name": "bn_l_elwbo01", "translationSamples": [76160, 240, "float32"], "times": [77120, 80, "float32"], "rotationSamples": [73920, 320, "float32"], "jointIndex": 23, "scaleSamples": [75200, 240, "float32"], "blendType": "Linear", "type": "Joint"}, "59aefedf58214bd9b60cf23896142ec7": {"name": "bn_spE01", "translationSamples": [58560, 240, "float32"], "times": [59520, 80, "float32"], "rotationSamples": [56320, 320, "float32"], "jointIndex": 16, "scaleSamples": [57600, 240, "float32"], "blendType": "Linear", "type": "Joint"}, "b571c35e9aed40618fc93af5cf64617d": {"name": "bn_l_thigh01", "translationSamples": [26880, 240, "float32"], "times": [27840, 80, "float32"], "rotationSamples": [24640, 320, "float32"], "jointIndex": 7, "scaleSamples": [25920, 240, "float32"], "blendType": "Linear", "type": "Joint"}, "b7013cd19b304ac98128df7dbc785187": {"name": "jDrv_l_ball01", "translationSamples": [40960, 240, "float32"], "times": [41920, 80, "float32"], "rotationSamples": [38720, 320, "float32"], "jointIndex": 11, "scaleSamples": [40000, 240, "float32"], "blendType": "Linear", "type": "Joint"}, "11bda86146b048fdb61502a850285534": {"name": "jDrv_r_ball01", "translationSamples": [19840, 240, "float32"], "times": [20800, 80, "float32"], "rotationSamples": [17600, 320, "float32"], "jointIndex": 5, "scaleSamples": [18880, 240, "float32"], "blendType": "Linear", "type": "Joint"}}, "id": "50ec4f1747f349acaa4a1bac3409bca0.clip", "originalLicense": "CC0", "binaryRef": "8b1a49b89b1399bd6583b30ba6271c4f65ee29c5.bin"}, "47d5ed5c80a34960b5950502f0695481.texture": {"wrapS": "Repeat", "repeat": [0, 0], "wrapT": "Repeat", "license": "CC0", "created": "2014-10-24T09:30:22.735566+00:00", "deleted": false, "magFilter": "Bilinear", "flipY": false, "_readOnly": false, "dataModelVersion": 2, "modified": "2014-10-24T09:30:22.735607+00:00", "minFilter": "BilinearNoMipMaps", "imageRef": "d081049863f441b300c398138a600d4b8535294e.jpg", "anisotropy": 1, "offset": [0, 0], "id": "47d5ed5c80a34960b5950502f0695481.texture", "generateMipmaps": true, "originalLicense": "CC0", "name": "texture_ 3"}, "c2686b52fe724069991042a6fec98ffe.entity": {"name": "Burger", "license": "CC0", "created": "2014-10-24T13:37:47.315Z", "deleted": false, "_readOnly": false, "modified": "2014-10-24T13:39:25.347397+00:00", "dataModelVersion": 2, "static": false, "components": {"stateMachine": {"machines": {"6eda87dccc79424096832cb5f6f99543.machine": {"machineRef": "6eda87dccc79424096832cb5f6f99543.machine", "sortValue": 0}}}, "transform": {"translation": [-0.6198835372924805, 0, -3.5516927242279053], "scale": [1, 1, 1], "rotation": [-90, 0, 0]}, "meshRenderer": {"reflectable": true, "materials": {"be45d1ae133d491c8121733aefb6a054.material": {"materialRef": "be45d1ae133d491c8121733aefb6a054.material", "sortValue": 0}}, "receiveShadows": true, "cullMode": "Dynamic", "castShadows": true}, "meshData": {"shape": "Sphere", "shapeOptions": {"radialSamples": 16, "textureMode": "Projected", "zSamples": 16}}}, "hidden": false, "id": "c2686b52fe724069991042a6fec98ffe.entity"}, "fb37dcf6b9c942ab9096216f6688408d.mesh": {"name": "goo_logo_mesh", "license": "CC0", "created": "2014-10-24T12:47:59.160526+00:00", "deleted": false, "id": "fb37dcf6b9c942ab9096216f6688408d.mesh", "_readOnly": false, "dataModelVersion": 2, "modified": "2014-10-24T12:47:59.160570+00:00", "boundingVolume": {"max": [4.064130783081055, 2.455604076385498, 0.8351833820343018], "type": "BoundingBox", "min": [-8.45309066772461, -5.176087379455566, -0.8351834416389465]}, "vertexCount": 5668, "indexModes": ["Triangles"], "indices": [0, 29952, "uint16"], "attributes": {"POSITION": {"dimensions": 3, "value": [59904, 17004, "float32"]}, "TEXCOORD0": {"dimensions": 2, "value": [286624, 11336, "float32"]}, "TANGENT": {"dimensions": 4, "value": [195936, 22672, "float32"]}, "NORMAL": {"dimensions": 3, "value": [127920, 17004, "float32"]}}, "binaryRef": "d9c1d779b25fd678d496aab20ca029e44b4930ef.bin", "type": "Mesh", "originalLicense": "CC0", "indexLengths": [29952]}, "b320963418354bda8a70353df4059ddb.mesh": {"name": "goon_mesh", "license": "CC0", "created": "2014-10-24T12:52:33.127836+00:00", "deleted": false, "id": "b320963418354bda8a70353df4059ddb.mesh", "_readOnly": false, "dataModelVersion": 2, "modified": "2014-10-24T12:52:33.127869+00:00", "boundingVolume": {"max": [67.91819763183594, 151.98109436035156, 31.053955078125], "type": "BoundingBox", "min": [-67.91819763183594, -2.384185791015625e-07, -29.582029342651367]}, "vertexCount": 2698, "indexModes": ["Triangles"], "indices": [0, 11790, "uint16"], "attributes": {"NORMAL": {"dimensions": 3, "value": [55956, 8094, "float32"]}, "JOINTIDS": {"dimensions": 4, "value": [131500, 10792, "uint8"]}, "TEXCOORD0": {"dimensions": 2, "value": [185460, 5396, "float32"]}, "TANGENT": {"dimensions": 4, "value": [88332, 10792, "float32"]}, "POSITION": {"dimensions": 3, "value": [23580, 8094, "float32"]}, "WEIGHTS": {"dimensions": 4, "value": [142292, 10792, "float32"]}}, "binaryRef": "a08a6baa5f03ac1f288c02f9aa8a484ed4a6be0e.bin", "type": "SkinnedMesh", "originalLicense": "CC0", "indexLengths": [11790]}, "12f777fd852b480486f752fc7e3725dd.material": {"flat": false, "cullState": {"frontFace": "CCW", "enabled": true, "cullFace": "Back"}, "uniforms": {"opacity": {"enabled": true, "value": 1}, "refractivity": {"enabled": true, "value": 0}, "materialAmbient": {"enabled": true, "value": [0, 0, 0, 1]}, "materialSpecular": {"enabled": true, "value": [0.6247933884297521, 0.9078166791885799, 0.9818181818181818, 1]}, "fresnel": {"enabled": true, "value": 0.08}, "reflectivity": {"enabled": true, "value": 0.49}, "materialSpecularPower": {"enabled": true, "value": 4}, "materialDiffuse": {"enabled": true, "value": [0.30049586776859505, 0.3588952667167544, 0.9181818181818182, 1]}, "vertexColorAmount": {"enabled": true, "value": 1}, "materialEmissive": {"enabled": true, "value": [0, 0, 0, 1]}, "discardThreshold": {"enabled": false, "value": 0}, "normalMultiplier": {"enabled": true, "value": 1}, "etaRatio": {"enabled": true, "value": -0.5}, "wrapSettings": {"enabled": true, "value": [0, 0]}}, "name": "goo_logo_material", "license": "CC0", "created": "2014-10-24T12:47:59.331278+00:00", "deleted": false, "id": "12f777fd852b480486f752fc7e3725dd.material", "wireframe": false, "_readOnly": false, "dataModelVersion": 2, "blendState": {"blendEquation": "AddEquation", "blendSrc": "SrcAlphaFactor", "blendDst": "OneMinusSrcAlphaFactor", "blending": "NoBlending"}, "originalLicense": "CC0", "dualTransparency": false, "modified": "2014-10-24T12:47:59.331312+00:00", "depthState": {"write": true, "enabled": true}, "shaderRef": "GOO_ENGINE_SHADERS/uber", "texturesMapping": {}, "renderQueue": 1000}, "b7dc62997c2e4d2f89c2cd884ae6a651.entity": {"name": "Default Lights", "license": "CC0", "created": "2014-10-24T06:45:17.301016+00:00", "deleted": false, "_readOnly": false, "modified": "2014-10-24T06:45:17.301064+00:00", "dataModelVersion": 2, "static": false, "components": {"transform": {"translation": [0, 0, 0], "scale": [1, 1, 1], "rotation": [0, 0, 0], "children": {"b62432ee061d4a16b5429deedc29bce5.entity": {"entityRef": "b62432ee061d4a16b5429deedc29bce5.entity", "sortValue": 1}, "84aa695ca0364d98a45b02eaa2ebf70f.entity": {"entityRef": "84aa695ca0364d98a45b02eaa2ebf70f.entity", "sortValue": 0}}}}, "hidden": false, "id": "b7dc62997c2e4d2f89c2cd884ae6a651.entity"}, "8b44a212381c4fb5a8426b8ea05e99b1.entity": {"name": "goo_logo_mesh", "license": "CC0", "created": "2014-10-24T12:47:59.283940+00:00", "deleted": false, "originalLicense": "CC0", "_readOnly": false, "modified": "2014-10-24T12:47:59.283977+00:00", "dataModelVersion": 2, "static": false, "components": {"transform": {"rotation": [0, 0, 0], "scale": [0.07315394029673937, 0.07315394029673937, 0.07315394029673937], "translation": [0.16053485468299922, 0.09950703656553217, 2.1801573126536424e-09]}, "meshRenderer": {"receiveShadows": true, "materials": {"12f777fd852b480486f752fc7e3725dd.material": {"materialRef": "12f777fd852b480486f752fc7e3725dd.material", "sortValue": 0}}, "reflectable": false, "cullMode": "Dynamic", "castShadows": true}, "meshData": {"meshRef": "fb37dcf6b9c942ab9096216f6688408d.mesh"}}, "hidden": false, "id": "8b44a212381c4fb5a8426b8ea05e99b1.entity"}, "8092f0eb5f8d43258df9649b059cd04c.entity": {"name": "Default Camera", "license": "CC0", "created": "2014-10-24T06:45:17.399318+00:00", "deleted": false, "_readOnly": false, "modified": "2014-10-24T09:33:27.841124+00:00", "dataModelVersion": 2, "static": false, "components": {"camera": {"fov": 45, "lockedRatio": false, "far": 1000, "followEditorCam": false, "projectionMode": "Perspective", "near": 0.1, "aspect": 1, "size": 5}, "transform": {"translation": [0.08466051518917084, 0.4007803797721863, 7.548435688018799], "scale": [1, 1, 1], "rotation": [-0.1546553730670037, 0.44114575363461483, 0]}, "script": {"scripts": {"5c2fb1daf9eb4373a9492010392fda6b.scriptInstance": {"scriptRef": "GOO_ENGINE_SCRIPTS/FlyControlScript", "name": "FlyControlScript", "sortValue": 0, "options": {"backKey": "S", "strafeRightKey": "D", "forwardKey": "W", "whenUsed": true, "crawlSpeed": 10, "button": "Left", "clampAzimuth": false, "enabled": true, "walkSpeed": 50, "minAzimuth": -90, "minAscent": -89.95, "maxAzimuth": 90, "maxAscent": 89.95, "strafeLeftKey": "A", "speed": 1, "crawlKey": "Shift"}}}}}, "hidden": false, "id": "8092f0eb5f8d43258df9649b059cd04c.entity"}, "6eda87dccc79424096832cb5f6f99543.machine": {"name": "Behavior", "license": "CC0", "created": "2014-10-24T13:38:31.341Z", "deleted": false, "_readOnly": false, "modified": "2014-10-24T13:39:20.832233+00:00", "dataModelVersion": 2, "states": {"d817ab4c1a3048b2aa5f349bfa5e3b09.state": {"sortValue": 0, "id": "d817ab4c1a3048b2aa5f349bfa5e3b09.state", "actions": {"4970da5d28fc4594be7cfdd637211521.action": {"id": "4970da5d28fc4594be7cfdd637211521.action", "type": "Rotate", "name": "Rotate", "sortValue": 0, "options": {"relative": true, "rotation": [0, 0, 180], "transitions": {}, "everyFrame": true}}}, "name": "State"}}, "initialState": "d817ab4c1a3048b2aa5f349bfa5e3b09.state", "id": "6eda87dccc79424096832cb5f6f99543.machine"}, "b62432ee061d4a16b5429deedc29bce5.entity": {"name": "Directional 2", "license": "CC0", "created": "2014-10-24T06:45:17.084752+00:00", "deleted": false, "_readOnly": false, "modified": "2014-10-24T06:45:17.084794+00:00", "dataModelVersion": 2, "static": false, "components": {"light": {"direction": [0, 0, 0], "shadowCaster": false, "color": [1, 1, 1, 1], "intensity": 0.4, "range": 60, "specularIntensity": 1, "penumbra": 5, "angle": 30, "type": "DirectionalLight", "shadowSettings": {"fov": 55, "darkness": 1, "far": 60, "near": 1, "resolution": [256, 256], "shadowType": "Basic", "size": 100}}, "transform": {"rotation": [-31, 129, 0], "scale": [1, 1, 1], "translation": [15, 11.6, -12.2]}}, "hidden": false, "id": "b62432ee061d4a16b5429deedc29bce5.entity"}, "8219d392a05540dd81fae5ff811bc8be.skeleton": {"name": "Skeleton", "license": "CC0", "created": "2014-10-24T12:52:33.202313+00:00", "deleted": false, "joints": {"020042e1c8aa4512b0337f1042bd0bd2": {"index": 5, "parentIndex": 4, "name": "jDrv_r_ball01", "inverseBindPose": [3.946067431148809e-10, -1.1123027954425213e-09, 99.99999999999999, 0, -1.2555716716990552e-12, 99.99999999999994, 1.1123164238638391e-09, 0, -100, -1.2623564990882675e-12, 3.94598936859211e-10, 0, -0.2418669936700681, -0.01805750700606938, 21.272599995222564, 1]}, "e44c1cf3292b4bb9bb9cfe924871be05": {"index": 18, "parentIndex": 17, "name": "bn_l_shldEnd01", "inverseBindPose": [0.998225801316448, 0.004879168334584723, -0.059341750079500856, 0, 0.004879168334585682, 0.9865819516957599, 0.1631938917501138, 0, 0.05934175007950078, -0.16319389175011392, 0.9848077530122076, 0, -25.892700433346878, -102.289219459092, -9.29771076802047, 1]}, "385d4f6d3750455695cbec03b300d2b1": {"index": 10, "parentIndex": 9, "name": "bn_l_ankle01", "inverseBindPose": [-0.006863362956646352, -0.004386510382363226, -0.999966825837533, 0, -0.5993669815271028, 0.8004741460930141, 0.0006024049700800572, 0, 0.8004449485779856, 0.5993512325534367, -0.008123074089362263, 0, 6.517233412617295, 0.22363541530072384, 21.227639037308222, 1]}, "324bd654144942d6b63124738ef3753d": {"index": 29, "parentIndex": 28, "name": "bn_headEnd01", "inverseBindPose": [1.0000000000000002, -1.3583506073472686e-16, 4.36271228133141e-17, 0, 1.3583506073472684e-16, 1, -2.4980018054066037e-16, 0, -4.362712281331405e-17, 2.4980018054066037e-16, 1, 0, -2.556455386891713e-14, -151.23697630313143, -0.18238106759112635, 1]}, "195625c4d22a482c872b47eed755fc7b": {"index": 12, "parentIndex": 11, "name": "bn_l_ball01", "inverseBindPose": [-0.008119109816571435, 0.0006536667313638486, -0.999966825837533, 0, 0.006314558607013857, 0.9999798815265487, 0.0006024049700939572, 0, 0.9999471018035825, -0.00630945813471448, -0.008123074089360796, 0, 0.41445464225383943, -0.03348844185419542, 21.269964665846036, 1]}, "fe3c56bc214c45388bc83ad2b418de3b": {"index": 14, "parentIndex": -32768, "name": "bn_spC01", "inverseBindPose": [1, 0, 0, 0, 0, 1, 0, 0, 0, 0, 1, 0, 0, -62.34724429878567, 3.595634788537942, 1]}, "0c529ee61d3240dfa242ee9de38d5d0f": {"index": 26, "parentIndex": 25, "name": "bn_r_elwbo01", "inverseBindPose": [0.7966985789648321, 0.5839071461787492, -0.15596095317997563, 0, 0.48711791093241, -0.7731288579190887, -0.4061870380767595, 0, -0.3577534278302067, 0.247637262329631, -0.900382291685939, 0, -5.577094611597638, 92.14269800827952, 16.025126141054276, 1]}, "9b37c4af7b9b4d54a5f252e671fef08c": {"index": 9, "parentIndex": 8, "name": "bn_l_shin01", "inverseBindPose": [0.03761754036994958, -0.3112989166641513, -0.949567219916653, 0, -0.9833513700929383, -0.18058300305661376, 0.020245047379430475, 0, -0.17777796149370037, 0.9329966578132957, -0.31290930461774996, 0, 15.45134830784232, 12.124215269909625, 18.504273990569377, 1]}, "e2efaf3f808d41508e3be83db435b2c8": {"index": 7, "parentIndex": 0, "name": "bn_l_thigh01", "inverseBindPose": [0.061390039218425965, -0.31153945246510395, -0.9482480860210075, 0, -0.9953007797524003, 0.052169726187190894, -0.08157620666479044, 0, 0.07488404976377279, 0.948800025941872, -0.30687275842550765, 0, 29.607807661596173, 8.069871953247564, 20.45868295573107, 1]}, "f918699f16014bcb8b7b6d30cbd370b6": {"index": 15, "parentIndex": -32768, "name": "bn_spD01", "inverseBindPose": [1, 0, 0, 0, 0, 1, 0, 0, 0, 0, 1, 0, 0, -78.08650448812148, 3.595634788537942, 1]}, "82b0c0d6735a4604ad7fc6c5e99475e7": {"index": 8, "parentIndex": 7, "name": "bn_l_knee01", "inverseBindPose": [-0.01586720052384277, -0.3131618257962199, -0.9495672186904482, 0, -0.9997374433322823, -0.010732369444809783, 0.02024501532552411, 0, -0.016531072166279956, 0.9496391352035133, -0.3129093104127059, 0, 19.58166549526677, 9.32010165947008, 18.504274494230707, 1]}, "2ffa94f2c4534ef2a2009314c4d77a10": {"index": 27, "parentIndex": 26, "name": "bn_r_wrist01", "inverseBindPose": [0.40835900101180045, 0.8341807679159017, -0.37065532875149787, 0, 0.6416669661364423, -0.5511277499293388, -0.5334057628363962, 0, -0.6492352661877645, -0.02001623583647131, -0.7603242199489901, 0, -14.543158697761875, 81.9333361105962, 2.970909607542589, 1]}, "4ad204166cd44d71bb07297608b20dc2": {"index": 13, "parentIndex": -32768, "name": "bn_spB01", "inverseBindPose": [1, 0, 0, 0, 0, 1, 0, 0, 0, 0, 1, 0, 0, -46.60799140271599, 3.595634788537942, 1]}, "57176957cd0a4a0aa4686d725a55b60a": {"index": 25, "parentIndex": -32768, "name": "bn_r_arm01", "inverseBindPose": [0.9516790864729416, -0.002710851954520164, 0.30708234669499823, 0, 0.020401773995990566, -0.9971937753783738, -0.07203014621977238, 0, 0.30641586771550017, 0.0748146083883752, -0.9489531549996829, 0, 24.293794789655898, 102.6511572667362, 9.614605625187208, 1]}, "33f60d22d6b144ba8e2090107dcc7bc1": {"index": 19, "parentIndex": 16, "name": "bn_r_shld01", "inverseBindPose": [0.3319200405477613, 0.9428975583760302, -0.027807932165006054, 0, 0.9396058142517079, -0.33308286417725086, -0.0787192442536401, 0, -0.0834865288963305, 5.668882015736967e-16, -0.9965089058773346, 0, -92.56666582287072, 58.48220194212468, 1.3770871619555958, 1]}, "ba91019789944199811341310722401a": {"index": 23, "parentIndex": 22, "name": "bn_l_elwbo01", "inverseBindPose": [0.5345284724336233, 0.8306355537875204, -0.15596117767533507, 0, -0.7318287036444694, 0.5472105927831443, 0.4061863065983093, 0, 0.42273639620907133, -0.10298127951244444, 0.900382582789198, 0, 38.227677946121716, -84.02392438031991, -16.025072248343132, 1]}, "67217afb13464dd2bbfaf0a6359985df": {"index": 21, "parentIndex": 16, "name": "bn_neck01", "inverseBindPose": [2.5337060208620203e-16, 2.8749756601076485e-16, 1, 0, 0.8944271909999155, 0.44721359549995854, -3.5519437609907987e-16, 0, -0.44721359549995854, 0.8944271909999155, -1.438348624333615e-16, 0, -96.4256019379986, -42.97312372874364, 3.678608129544841e-14, 1]}, "2ebcd76aa923434685b7c317618a6a23": {"index": 2, "parentIndex": 1, "name": "bn_r_knee01", "inverseBindPose": [-0.015868787103911913, -0.31315357169953034, -0.9495699142915581, 0, 0.9997374366685586, 0.010730984952371595, -0.020246078270430682, 0, 0.01652995218478112, -0.949641872757188, 0.3129010613388675, 0, -19.581684838624657, -9.319910704065865, -18.50432671956783, 1]}, "e0cf2b39f9824f7ab4082e25ccd56634": {"index": 22, "parentIndex": -32768, "name": "bn_l_arm01", "inverseBindPose": [0.7515004544699398, 0.5839072219290729, 0.30708211134897617, 0, -0.6301454135508364, 0.7731290505377377, 0.07202936203702624, 0, -0.19535563649999446, -0.2476364823560699, 0.9489532906808387, 0, 44.07152601750043, -95.83957886238879, -9.614546103473952, 1]}, "9604937a19604bd2bd9259858185b302": {"index": 0, "parentIndex": -32768, "name": "bn_spA01", "inverseBindPose": [1, 0, 0, 0, 0, 1, 0, 0, 0, 0, 1, 0, 0, -30.86873459728262, 3.595634788537942, 1]}, "1eb1eb284de341f79d754a256d17f10b": {"index": 3, "parentIndex": 2, "name": "bn_r_shin01", "inverseBindPose": [0.03761480674284657, -0.31129102439855244, -0.9495699155104896, 0, 0.9833514636346449, 0.18058237453290188, -0.020246110136526572, 0, 0.17777802249237645, -0.9329994127205861, 0.312901055577864, 0, -15.451412461371724, -12.124045710838418, -18.504326218855518, 1]}, "0e7d155805bb4ae1adf00f7f5f0c4078": {"index": 17, "parentIndex": 16, "name": "bn_l_shld01", "inverseBindPose": [0.3365437883701712, 0.9397961668398926, -0.05934175007950088, 0, -0.925518551355081, 0.341735518775916, 0.16319389175011384, 0, 0.1736481776669304, -9.129168822716789e-18, 0.9848077530122082, 0, 91.52614617234319, -59.32875040469568, -9.684691681622505, 1]}, "3de68cb4a93e4d8b99f1e844dbd34ddb": {"index": 11, "parentIndex": 10, "name": "jDrv_l_ball01", "inverseBindPose": [-0.8119109816572976, 0.06536667313498021, -99.9966825837533, 0, 0.6314558607014881, 99.99798815265487, 0.060240497007979024, 0, 99.99471018035828, -0.63094581347156